Distance from Center (cmd=annotatePeaks.pl tss tair10 -len 0 -size 1000 -hist 10 -p ../pos_files/AtCAGE_tss_raw.pos ../pos_files/AtCAGEtss_filtered.pos ../pos_files/AtCAGEtss_belowThresh.pos)	../pos_files/AtCAGE_tss_raw.pos	../pos_files/AtCAGEtss_filtered.pos	../pos_files/AtCAGEtss_belowThresh.pos
-500	0.0120100008929369	8.92936869363336e-05	0.0119207072060005
-490	0.0291395065035569	0.000250022323421734	0.0288894841801351
-480	0.0293151174211983	0.000255975235884156	0.0290591421853142
-470	0.0290412834479269	0.000208351936184778	0.0288329315117421
-460	0.0291365300473257	0.000279786885733845	0.0288567431615918
-450	0.0288865077239039	0.000327410185433223	0.0285590975384707
-440	0.0292853528588862	0.000255975235884156	0.0290293776230021
-430	0.0285501681697771	0.00031848081673959	0.0282316873530375
-420	0.0290889067476263	0.000321457272970801	0.0287674494746555
-410	0.0299788671607584	0.000252998779652945	0.0297258683811055
-400	0.029776468137036	0.000351221835282912	0.0294252463017531
-390	0.0303806887519719	0.00037205702890139	0.0300086317230705
-380	0.0300175610917641	0.000386939310057446	0.0296306217817067
-370	0.0300175610917641	0.000449444890912879	0.0295681162008513
-360	0.029874691192666	0.000383962853826234	0.0294907283388398
-350	0.0307229812185612	0.000437539065988035	0.0302854421525731
-340	0.0308628746614281	0.000473256540762568	0.0303896181206655
-330	0.0321487037533113	0.000410750959907135	0.0317379527934042
-320	0.0316724707563175	0.000422656784831979	0.0312498139714855
-310	0.0314343542578206	0.000529809209155579	0.0309045450486651
-300	0.0323808673393458	0.000577432508854957	0.0318034348304908
-290	0.0331487930469982	0.000434562609756824	0.0327142304372414
-280	0.033187486978004	0.000520879840461946	0.032666607137542
-270	0.0333720272643391	0.000583385421317379	0.0327886418430217
-260	0.0348334672738637	0.000729231776646724	0.034104235497217
-250	0.0348721612048695	0.000672679108253713	0.0341994820966158
-240	0.035809744917701	0.000720302407953091	0.0350894425097479
-230	0.036402059707712	0.000648867458404024	0.035753192249308
-220	0.0374616781260232	0.000628032264785546	0.0368336458612376
-210	0.0378902878233176	0.000714349495490669	0.0371759383278269
-200	0.0382742506771438	0.000693514301872191	0.0375807363752716
-190	0.0394826919070155	0.000761972795190047	0.0387207191118255
-180	0.039179093371432	0.000720302407953091	0.0384587909634789
-170	0.0405125457630146	0.000779831532577313	0.0397327142304372
-160	0.0407744739113611	0.000845313569663958	0.0399291603416972
-150	0.0418400452421347	0.000756019882727625	0.0410840253594071
-140	0.0418817156293717	0.000723278864184302	0.0411584367651874
-130	0.042506771437926	0.000613149983629491	0.0418936214542965
-120	0.0426794058993362	0.000532785665386791	0.0421466202339495
-110	0.0432687442331161	0.000547667946542846	0.0427210762865732
-100	0.0458820728041194	0.000547667946542846	0.0453344048575766
-90	0.0476887817364646	0.000538738577849213	0.0471500431586154
-80	0.0507217906360687	0.000735184689109147	0.0499866059469595
-70	0.0559038009346073	0.000848290025895169	0.0550555109087121
-60	0.0611751049200822	0.00109533589308569	0.0600797690269965
-50	0.0672857695627586	0.0013126171979641	0.0659731523647945
-40	0.0753073191058725	0.00153882787153615	0.0737684912343364
-30	0.085704080721493	0.00175908563264577	0.0839449950888472
-20	0.100389915766289	0.00283953924457541	0.0975503765217133
-10	0.119207072060005	0.00460755424591481	0.114599517814091
0	0.216114534035777	0.0236658034943596	0.192448730541417
10	0.172896389558592	0.0126826800011906	0.160213709557401
20	0.147278030776557	0.00810786677381909	0.139170164002738
30	0.142703217549186	0.00812274905497515	0.134580468494211
40	0.132776736018097	0.00657499181474536	0.126201744203351
50	0.12420751852844	0.00547667946542846	0.118730839063012
60	0.112676727088728	0.00461350715837724	0.108063219930351
70	0.102512129059142	0.00372652320147632	0.0987856058576659
80	0.093359526148168	0.00316992588623984	0.0901896002619282
90	0.0878977289638956	0.00275024555763907	0.0851474834062565
100	0.0811739143375897	0.00205077834330446	0.0791231359942852
110	0.0758668928773402	0.00184540286335089	0.0740214900139893
120	0.0719082060898295	0.00170848587671518	0.0701997202131143
130	0.0690329493704795	0.00134833467273864	0.0676846146977409
140	0.0660207756644939	0.00113402982409144	0.0648867458404024
150	0.0647736405036164	0.00112212399916659	0.0636515165044498
160	0.0634342351995714	0.000910795606750603	0.0625234395928208
170	0.0613685745751109	0.000845313569663958	0.0605232610054469
180	0.0601392981516207	0.000723278864184302	0.0594160192874364
190	0.061300116081793	0.000648867458404024	0.060651248623389
200	0.0599636872339792	0.000488138821918624	0.0594755484120606
210	0.0588088222162693	0.000508974015537101	0.0582998482007322
220	0.0592820787570319	0.000413727416138346	0.0588683513408935
230	0.0572848766258892	0.000401821591213501	0.0568830550346757
240	0.0575140637556925	0.000625055808554335	0.0568890079471381
250	0.0570943834270917	0.000461350715837724	0.056633032711254
260	0.0566449385361788	0.000485162365687413	0.0561597761704914
270	0.0568949608596006	0.000437539065988035	0.0564574217936125
280	0.0558383188975206	0.000380986397595023	0.0554573324999256
290	0.0553948269190702	0.000497068190612257	0.0548977587284579
300	0.055180522070423	0.000386939310057446	0.0547935827603655
310	0.0559871417090812	0.00039884513498229	0.0555882965740989
320	0.0557400958418906	0.000386939310057446	0.0553531565318332
330	0.0555466261868619	0.000431586153525612	0.0551150400333363
340	0.0555972259427925	0.000392892222519868	0.0552043337202726
350	0.0561061999583296	0.000500044646843468	0.0556061553114861
360	0.0552460041075096	0.00031848081673959	0.05492752329077
370	0.0559127303033009	0.000324433729202012	0.0555882965740989
380	0.05578771914159	0.000553620859005268	0.0552340982825848
390	0.0554751912373129	0.000407774503675923	0.0550674167336369
400	0.0544393844688514	0.000416703872369557	0.0540226805964818
410	0.0550942048397178	0.000428609697294401	0.0546655951424234
420	0.0546536893174986	0.000375033485132601	0.054278655832366
430	0.0544542667500074	0.000363127660207757	0.0540911390897997
440	0.0552132630889663	0.00042563324106319	0.0547876298479031
450	0.0543262791320654	0.000395868678751079	0.0539304104533143
460	0.0547429830044349	0.000523856296693157	0.0542191267077418
470	0.0554870970622377	0.000422656784831979	0.0550644402774057
480	0.0565050450933119	0.000473256540762568	0.0560317885525493
490	0.055097181295949	0.000473256540762568	0.0546239247551865
500	0.0274280441706105	0.000273833973271423	0.027154210197339
