Distance from Center (cmd=annotatePeaks.pl tss tair10 -size 1000 -hist 10 -p ../pos_files/AtPEATtss_raw.pos ../pos_files/AtPEATtss_filtered.pos ../pos_files/AtPEATtss_belowThresh.pos)	../pos_files/AtPEATtss_raw.pos	../pos_files/AtPEATtss_filtered.pos	../pos_files/AtPEATtss_belowThresh.pos
-500	0.00210733101169747	0.000270857517040212	0.00183647349465726
-490	0.00554216150251511	0.000860195850820014	0.00468196565169509
-480	0.00580111319463047	0.000863172307051225	0.00493794088757925
-470	0.00520284549215704	0.000764949251421258	0.00443789624073578
-460	0.00538440932226092	0.000794713813733369	0.00458969550852755
-450	0.00535166830371759	0.000895913325594547	0.00445575497812305
-440	0.00582194838824895	0.000866148763282436	0.00495579962496651
-430	0.00566419620799476	0.000952465993987558	0.0047117302140072
-420	0.00587254814417954	0.00108045361192964	0.0047920945322499
-410	0.00561061999583296	0.000946513081525136	0.00466410691430783
-400	0.00568800785784445	0.00101199511861178	0.00467601273923267
-390	0.00566717266422597	0.00100604220614936	0.00466113045807661
-380	0.00597077119980951	0.00100604220614936	0.00496472899366015
-370	0.00614042920498854	0.001071524243236	0.00506890496175254
-360	0.00621781706700003	0.00120248831740929	0.00501532874959074
-350	0.0063696163347918	0.00109235943685448	0.00527725689793732
-340	0.00617614667976307	0.00110128880554811	0.00507485787421496
-330	0.0063696163347918	0.001071524243236	0.00529809209155579
-320	0.00627436973539304	0.00116081793017234	0.0051135518052207
-310	0.00675655564484924	0.00135428758520106	0.00540226805964818
-300	0.00665237967675685	0.00137214632258833	0.00528023335416853
-290	0.00688751971902253	0.0014197696222877	0.00546775009673483
-280	0.00695597821234039	0.00145548709706224	0.00550049111527815
-270	0.00696490758103402	0.00141084025359407	0.00555406732743995
-260	0.00827454832276691	0.00175015626395214	0.00652439205881478
-250	0.00815251361728726	0.00179777956365152	0.00635473405363574
-240	0.00790249129386552	0.00169360359555913	0.0062088876983064
-230	0.00847099443402685	0.00172336815787124	0.00674762627615561
-220	0.00825073667291723	0.00166979194570944	0.00658094472720779
-210	0.00853052355865107	0.00172336815787124	0.00680715540077983
-200	0.00962288299550555	0.002354376878888	0.00726850611661756
-190	0.00929249635384112	0.00237521207250647	0.00691728428133464
-180	0.00920320266690478	0.00215495431139685	0.00704824835550793
-170	0.00969729440128583	0.00218471887370896	0.00751257552757687
-160	0.00997112837455725	0.00215197785516564	0.00781915051939161
-150	0.0100485162365687	0.00207161353692294	0.0079769026996458
-140	0.00961990653927434	0.00183647349465726	0.00778343304461708
-130	0.00950382474625711	0.00168467422686549	0.00781915051939161
-120	0.00900973301187606	0.00152394559038009	0.00748578742149597
-110	0.00949191892133226	0.00156561597761705	0.00792630294371521
-100	0.0104027145280829	0.00162514510224127	0.00877756942584159
-90	0.0107747715569843	0.00189004970681906	0.00888472185016519
-80	0.0130041372741614	0.00237521207250647	0.0106289252016549
-70	0.0155698425454654	0.00252105842783582	0.0130487841176296
-60	0.0185552281453701	0.00309551448045956	0.0154597136649106
-50	0.0220674464981992	0.00347650087805459	0.0185909456201447
-40	0.0273566092210614	0.00478316516355627	0.0225734440575051
-30	0.0353097002708575	0.00646486293419055	0.028844837336667
-20	0.0471798077209275	0.00930737863499717	0.0378724290859303
-10	0.0614161978748103	0.0138405214751317	0.0475756763996785
0	0.149022234128047	0.0545346310682501	0.094487603059797
10	0.119213024972468	0.0358573682174004	0.0833556567550674
20	0.0965830282465696	0.0256927701878144	0.0708902580587552
30	0.0931987975116826	0.0248206685120695	0.0683781289996131
40	0.0858082566895854	0.0210048516236569	0.0648034050659285
50	0.0772747566747031	0.0189094264368842	0.0583653302378189
60	0.0670774176265738	0.0150162216864601	0.0520611959401137
70	0.0581391195642468	0.0125130219960115	0.0456260975682353
80	0.0507485787421496	0.0101139982736554	0.0406345804684942
90	0.045396910438432	0.00861386433312498	0.036783046105307
100	0.0388725183796172	0.00681013185701104	0.0320623865226062
110	0.0342143643777718	0.00566419620799476	0.0285501681697771
120	0.0312408846027919	0.00506592850552133	0.0261749560972706
130	0.0284102747269101	0.00419085037354526	0.0242194243533649
140	0.0256838408191208	0.0037473583950948	0.021936482424026
150	0.0236360389320475	0.00352114772152275	0.0201148912105247
160	0.0221656695538292	0.00297943268744233	0.0191862368663869
170	0.0207488763877727	0.00254784653391672	0.018201029853856
180	0.0190255082299015	0.00241390600351222	0.0166116022263893
190	0.0180968538857636	0.00236032979135042	0.0157365240944132
200	0.0170134238176028	0.00189302616305027	0.0151203976545525
210	0.0159746405929101	0.00183647349465726	0.0141381670982528
220	0.015043009792541	0.0014733458344495	0.0135696639580915
230	0.0139536268119177	0.00155966306515463	0.0123939637467631
240	0.0140161323927732	0.00160430990862279	0.0124118224841504
250	0.0136827692948775	0.00154180432776736	0.0121409649671102
260	0.0135845462392476	0.00143465190344376	0.0121498943358038
270	0.0129892549930053	0.00114891210524749	0.0118403428877578
280	0.0115337678959431	0.00103878322469268	0.0104949846712504
290	0.0117748608506712	0.00105068904961753	0.0107241718010537
300	0.0108878768937703	0.000988183468762092	0.00989969342500819
310	0.0108313242253773	0.000943536625293925	0.00988778760008334
320	0.010179480310742	0.000875078131976069	0.00930440217876596
330	0.0108997827186951	0.0010179480310742	0.00988183468762092
340	0.0106170193767301	0.00102390094353663	0.00959311843319344
350	0.0102509152602911	0.000860195850820014	0.00939071940947108
360	0.0103669970533083	0.000916748519213025	0.00945024853409531
370	0.0100425633241063	0.00087805458820728	0.00916450873589904
380	0.00981039973807185	0.000931630800369081	0.00887876893770277
390	0.00965562401404887	0.00085126648212638	0.00880435753192249
400	0.00942048397178319	0.000758996338958836	0.00866148763282436
410	0.00923892014167932	0.000648867458404024	0.00859005268327529
420	0.00925082596660416	0.000666726195791291	0.00858409977081287
430	0.00929844926630354	0.000696490758103402	0.00860195850820014
440	0.00897103908087032	0.000738161145340358	0.00823287793552996
450	0.00922106140429205	0.000622079352323124	0.00859898205196893
460	0.00937286067208382	0.000791737357502158	0.00858112331458166
470	0.00928059052891627	0.000672679108253713	0.00860791142066256
480	0.00951870702741316	0.000756019882727625	0.00876268714468554
490	0.009474060183945	0.000767925707652469	0.00870613447629253
500	0.00456588385867786	0.000276810429502634	0.00428907342917522
