Distance from Center (cmd=annotatePeaks.pl /scratch/rtraborn/TSRchitect_plant_results/plant_genomic_data/A_thaliana/GROseq/GROseq_tagDirectory/tss.txt tair10 -size 4000 -hist 25 -d ESTtagDir CAGEtagDir PEATtagDir TokVectagDir)	ESTtagDir Coverage	ESTtagDir + Tags	ESTtagDir - Tags	CAGEtagDir Coverage	CAGEtagDir + Tags	CAGEtagDir - Tags	PEATtagDir Coverage	PEATtagDir + Tags	PEATtagDir - Tags	TokVectagDir Coverage	TokVectagDir + Tags	TokVectagDir - Tags
-2000	29.7138684227684	0.0650492795201146	0.048987729021321	13.3935321192278	0.0488689378626776	0.0403390297972313	22.5847534285276	0.149430286235901	0.0335927560800666	18.1266797070274	0.0920368520571206	0.0413797874421358
-1975	29.7138684227684	0.0578215817956575	0.0546092716958987	13.3506575739185	0.0539043424398261	0.0411338723348852	25.6194501314899	0.084115068135873	0.0534441024972269	17.9755123774758	0.100752167959841	0.0491031622872813
-1950	27.3046358479494	0.0505938840712003	0.0425631088218035	13.1850332942377	0.0585632131446593	0.0450836930299273	21.8175247223486	0.10036045510856	0.0367518875920962	16.1160735476308	0.0823946404120838	0.0332865619091106
-1925	26.1000195605398	0.0522000391210797	0.0481846514963813	13.2485306636665	0.0633356327834309	0.0472786920518907	22.7080276455626	0.137135554541319	0.0370629262567634	28.0682006476721	0.420375771011226	0.0273398317793582
-1900	25.8323270522266	0.0457754189215622	0.0465784964465019	13.4401481917469	0.048681932581329	0.042334687357381	20.6210123666076	0.0957679924365897	0.113516346091162	29.9537206320237	0.150592384429786	0.0214657103736079
-1875	26.7692508313229	0.0562154267457781	0.0457754189215622	24.1517358371996	0.279431870639521	0.0430628023733529	18.967458868531	0.117402588511448	0.0278112668709648	31.3594935993576	0.128161583099689	0.0264378952859117
-1850	25.9661733063832	0.0473815739714416	0.0473815739714416	23.750967925301	0.0482647453869636	0.0385581339245047	21.0635847949399	0.0882868161961204	0.0318089261263602	33.67003933842	0.0770839929582129	0.0712431505509572
-1825	23.4230944774076	0.0393507987220447	0.0457754189215622	23.4464234057877	0.0499814370476475	0.0455104127273893	19.0583138814627	0.0807418073938756	0.0281147616874217	24.8859090217566	0.192554932516122	0.0253498989372124
-1800	24.6277107648171	0.0425631088218035	0.0409569537719241	24.2060324062074	0.0657667014408937	0.126272021907667	19.1474473495464	0.0960662645889006	0.0306222207732924	24.8603447001813	0.145759366238495	0.0362294842537679
-1775	25.2969420356002	0.0393507987220447	0.0538061941709591	13.2786899397247	0.0542777922670412	0.0444068853100384	18.730098454717	0.103423837777923	0.102768683575674	28.8112551346426	0.242874669100861	0.101064914911646
-1750	28.2415596270457	0.0594277368455368	0.0554123492208384	15.0053603225878	0.0792490252330587	0.038958499054583	17.2750255373711	0.117339916541699	0.0280445458694652	30.1315111603756	0.157394536089173	0.0355400795461977
-1725	28.7769446436721	0.0465784964465019	0.0562154267457781	18.550235231558	0.0572572602203493	0.0481464302014647	18.5161239703545	0.107308339310169	0.0304904935776218	28.8219321466615	0.138926204603236	0.0294159874812563
-1700	26.5015583230097	0.0449723413966225	0.0538061941709591	18.3275600660051	0.0610848405815771	0.0481197952663365	20.5284358088279	0.158941918236943	0.0320805046619276	27.155183760406	0.0966773814957331	0.0400437112864341
-1675	26.5015583230097	0.0457754189215622	0.0570185042707178	21.258370395807	0.143425480863095	0.0671511573318847	20.8448131968439	0.11062299015453	0.0300633957097207	25.0007845949891	0.180592645236994	0.0603620525526537
-1650	26.6354045771663	0.0530031166460194	0.0441692638716829	19.6663752482902	0.0573640803285774	0.120855877942157	20.2805526939206	0.0963065071395952	0.0387109669426866	23.8497598400392	0.14984398513398	0.0498814370476648
-1625	31.5877159809611	0.0658523570450543	0.0602308143704765	17.3833526030624	0.0609132555258185	0.0504863793440492	20.2375334159219	0.107138892873444	0.0279841950837835	23.714891656344	0.137155232444414	0.0284955206363713
-1600	32.2569472517441	0.0562154267457781	0.066655434569994	14.7665936284023	0.065683432222694	0.0404245419573671	19.1334041859552	0.114053119906112	0.0343726739257994	23.9446428028089	0.104059646606245	0.0376937601877829
-1575	30.918484710178	0.0682615896198734	0.05139696159614	15.5185320044367	0.0648350394470637	0.0432727978092267	19.9743304861877	0.140330084110334	0.0341689900241239	22.0336467366508	0.103654247897248	0.0333818608593615
-1550	32.1231009975875	0.0530031166460194	0.0522000391210797	17.0616404956394	0.0721374975548719	0.0589206820107862	20.7365299602265	0.125813398969812	0.0375898350394462	23.2578474712578	0.190605085740363	0.0476063636956407
-1525	33.4615635391537	0.066655434569994	0.0730800547695115	17.044917152385	0.0680847818999275	0.0470356132229245	20.9998296059634	0.119650655278088	0.0397491165156149	23.1308326269814	0.150253165547357	0.028005789919804
-1500	29.8477146769251	0.0602308143704765	0.0481846514963813	17.0078474039079	0.0672972289234828	0.0654403533936948	21.4377016365648	0.122704172915175	0.0298933689769829	36.1395553237278	0.4970566342831	0.0573022755428062
-1475	29.178483406142	0.0505938840712003	0.0473815739714416	16.276423258855	0.0794822911911656	0.0654585772966847	20.7547319119337	0.12187492990807	0.0275280824150738	35.4094216600387	0.123054391341192	0.0293467822911921
-1450	33.4615635391537	0.0738831322944511	0.0674585120949337	16.7334424162457	0.0868265240919911	0.0537016365651427	21.8359201060613	0.14509141292301	0.0329770620069104	34.0244354610863	0.135836552128825	0.0306979852643953
-1425	32.1231009975875	0.0546092716958987	0.0522000391210797	16.6660653101587	0.0667244376344338	0.0446143574362679	22.9446336745557	0.14247195670602	0.0442342244245929	34.4827276086162	0.139256725565615	0.0252704831453364
-1400	32.658486014214	0.0634431244702353	0.0626400469452956	16.638314827344	0.0599145856425344	0.0439456803807871	25.9886731433784	0.228456158309997	0.0278594314403071	25.165276129622	0.162762287279109	0.015998122188173
-1375	30.2492534393949	0.0586246593205972	0.0505938840712003	16.2545170612862	0.0633154463062814	0.0488380974114825	26.9227562974068	0.147562313359861	0.0406857142857131	28.1841224924483	0.20229130860011	0.0425657299341486
-1350	32.5246397600574	0.0642462019951749	0.066655434569994	15.9970723473614	0.0717351698506238	0.053478463845585	26.3180878485576	0.141151783269227	0.0434171676338254	32.466448892657	0.264791914976849	0.055443189672038
-1325	31.1861772184912	0.05139696159614	0.0658523570450543	23.8833923210603	0.287773932320402	0.0524340940209866	27.1540816326527	0.177971565495227	0.0298034230944765	35.7664901871301	0.247825676468669	0.0800412857794893
-1300	28.6430983895155	0.0626400469452956	0.0465784964465019	27.5646009787573	0.137633363760768	0.0506442263806355	26.816968333659	0.203042094281827	0.0301945426093752	33.1215661472266	0.114797039838296	0.0273265958140455
-1275	33.8631023016235	0.0650492795201146	0.0618369694203559	32.566627974139	0.116267940275073	0.0570968898741415	27.6719764838839	0.170857136336981	0.0264852904740164	34.2290256677761	0.192261850427051	0.0420801590923921
-1250	31.9892547434309	0.0626400469452956	0.0634431244702353	31.0493843939909	0.0844206885309449	0.0569645563017364	28.1940494664316	0.157433728890934	0.0329973723674763	30.5632053204678	0.169025546065048	0.0458754776031846
-1225	33.327717284997	0.0562154267457781	0.069064667144813	27.1977239980231	0.0811860859359493	0.0782982982329709	26.940958249114	0.142861335332868	0.0451040881528313	25.8563321814358	0.128214526960935	0.0486588120232147
-1200	35.3354110973463	0.0682615896198734	0.066655434569994	25.511084994674	0.0981174936427418	0.141960559431418	25.1036250027164	0.166041839994804	0.0325499641390093	28.6234683010594	0.216026080719818	0.0705798396035765
-1175	32.9261785225272	0.048987729021321	0.0642462019951749	22.3468981391731	0.0915058616417214	0.0498507856816712	24.5967557757924	0.160242361609192	0.0258655343287467	28.0466449327344	0.210093342896271	0.0278719175849267
-1150	34.39848731825	0.0682615896198734	0.0762923648692702	23.2778473671746	0.100626784899167	0.119385068787866	24.6932203168804	0.161955395448934	0.0305148660103009	29.4398500358619	0.211860533350713	0.0242804329399507
-1125	34.39848731825	0.0586246593205972	0.0610338918954162	24.4994411930233	0.171869629001642	0.0596681424007128	26.0708237160675	0.185084834061448	0.0269843450479226	31.2819938710317	0.144585147030038	0.0304438547303925
-1100	36.807719893069	0.0730800547695115	0.0602308143704765	24.5566895209645	0.0897448718784018	0.069464751907135	26.4738199560971	0.176714644324207	0.027958662059072	35.6572745647788	0.334144213340304	0.0354436460846339
-1075	37.7446436721653	0.066655434569994	0.0714738997196321	24.1247060179381	0.0858839277563497	0.0615724000782164	29.1705135728409	0.222800013040393	0.02423780400339	36.5269279085444	0.219270404903166	0.0268330833931027
-1050	37.2092586555389	0.0674585120949337	0.0698677446697527	23.6534809036741	0.0842028427983735	0.0632386255460398	30.4302781943445	0.193005874682167	0.0296194692573507	56.3023929060451	0.444914116189538	0.0631741279259339
-1025	41.3584925343939	0.081913907543848	0.0787015974440893	21.1918422906175	0.0908786790114451	0.0728277629262392	30.707021364456	0.19625785355679	0.0284014279194099	57.0691334680846	0.206386138097396	0.0435841429223468
-1000	39.2169524678881	0.069064667144813	0.0738831322944511	20.4536952431111	0.0832125839472177	0.0629187259568072	30.8764678011776	0.182143313555483	0.0463018191302072	51.4304609767239	0.171568742257263	0.0523561843906916
-975	39.3507987220447	0.081913907543848	0.0746862098193908	20.2072480524362	0.0794413575013877	0.082074010562673	28.8393773228138	0.18212648497101	0.0309802634152696	52.2718523831267	0.260077264132493	0.387043450479213
-950	37.2092586555389	0.0754892873443305	0.0610338918954162	21.4397999131211	0.142284664536625	0.0573559496641887	28.9935619743101	0.202657358023115	0.0267487448653576	36.7357410184532	0.334328760513778	0.0243753537197638
-925	41.3584925343939	0.0915508378431242	0.0674585120949337	30.7041569361359	0.35052864315052	0.0605930755688639	29.1538784203774	0.195707152637438	0.028056151789789	42.9188276716448	0.386635026406703	0.0369994392645253
-900	38.8154137054183	0.0682615896198734	0.0722769772445718	33.9739061938918	0.172631107778342	0.0581112603507646	30.952061028884	0.22981869335597	0.0258626328486661	44.3148942644161	0.203510151920197	0.0367910673534607
-875	36.0046423681294	0.0883385277433655	0.0618369694203559	35.892273081663	0.133558218686724	0.0630241442263477	32.9760368172825	0.244836173958433	0.0259543196192211	44.5766764469377	0.276241781313173	0.0315454652148423
-850	42.2954163134903	0.0618369694203559	0.0738831322944511	34.1442493390246	0.0924644389384176	0.0558910282323613	33.4206209384709	0.218858062202552	0.0321089391667203	43.5642385516518	0.29115077264131	0.0296190650061957
-825	41.7600312968638	0.0787015974440893	0.0931569928930036	25.8344654875824	0.119742537653917	0.0681803872986598	34.1531672860834	0.215961804785847	0.034326250244506	37.868664015128	0.220624255069436	0.046940027384758
-800	43.767725109213	0.0867323726934861	0.0762923648692702	24.2238021924303	0.0932505900761723	0.0588065723413742	33.8971019973481	0.237005079220236	0.0238722175132028	39.6322618504284	0.262728995240267	0.0284800156484334
-775	45.507726413249	0.0762923648692702	0.0787015974440893	27.0157811313309	0.106064517180561	0.0659444545869166	34.4682293364627	0.260657364543309	0.0230911390754382	48.7369798526451	0.543245615178847	0.0443503162287304
-750	44.8384951424659	0.081913907543848	0.0931569928930036	27.6223922723899	0.0983779552714458	0.069402510269237	37.9063478298665	0.324940816326582	0.0338306774466972	45.6226580600302	0.217313372889094	0.0247626002477678
-725	45.6415726674056	0.0947631479428829	0.0762923648692702	30.538443807525	0.180768501010446	0.0951433526764614	38.9924685401314	0.261094327443485	0.0194579057181975	46.903546543219	0.249034687357374	0.0406291191236904
-700	42.5631088218035	0.0746862098193908	0.081913907543848	38.5380955288985	0.339000482493087	0.151552220121191	40.4540794592595	0.281256712525317	0.0251848471017794	52.4066827497783	0.437451678946278	0.0346177218491251
-675	43.2323400925866	0.081913907543848	0.081913907543848	41.1675599007069	0.231777205450585	0.0790575340678793	40.5222255547584	0.266210797418053	0.0201519397535368	52.1854908608822	0.502009154332592	0.0247580622025183
-650	45.1061876507792	0.0875354502184258	0.0795046749690289	47.5133677464118	0.167649814174729	0.0905859750928439	42.2675625393925	0.357577244572002	0.0212817760970199	66.0523579144125	0.228869883288775	0.0347788224555012
-625	47.3815739714416	0.0987785355675814	0.0827169850687877	46.3304824382139	0.154520753732641	0.0876199647909464	41.2728384516743	0.229967249136119	0.0190545999869594	68.0669726804466	0.280508678359522	0.0310005216143981
-600	44.4369563799961	0.0803077524939686	0.0778985199191496	38.378601825464	0.118093414618095	0.123339936102166	40.1991360761554	0.247862417682777	0.0216757970919994	63.1195831431621	0.299740535958811	0.069218426028562
-575	45.2400339049358	0.0907477603181845	0.0803077524939686	37.7929590321454	0.165170522266228	0.161850968246628	40.9028997413659	0.282963943404901	0.0398756210471398	54.3637147638614	0.275927143509158	0.429207563408709
-550	47.6492664797548	0.0899446827932448	0.0899446827932448	38.8382568344776	0.181836141357247	0.0912549325160562	39.2507389537282	0.32119674643027	0.0225671317728364	50.9744630631812	0.49913959705271	0.0637432744343785
-525	48.8538827671644	0.084323140118667	0.1011877681424	39.0418590961535	0.147338573384465	0.167844109017272	41.2120621155808	0.288916039642756	0.0202378235639302	48.6311299471872	0.235814605203102	0.0202899784834069
-500	50.0584990545739	0.10279392319228	0.0915508378431242	40.1875660627361	0.221165286561755	0.0926032209688129	42.6206920084325	0.29023447219149	0.0260355610614848	45.0983121427492	0.169876051378994	0.0326243854730405
-475	54.7431179500554	0.097172380517702	0.097172380517702	40.1131007863677	0.139912753471842	0.172868018517132	43.4623146638844	0.311080445980373	0.0266912955597569	47.3035122036043	0.33303503944708	0.0572602986242447
-450	51.7985003586099	0.084323140118667	0.108415465866858	35.7998899375233	0.140673391145431	0.105012857794767	43.3531222968418	0.320132483536602	0.0224580361217967	41.4625059224971	0.313643593923177	0.0381373541109754
-425	50.5938840712004	0.0939600704179432	0.10199084566734	43.4550151203871	0.323729412531595	0.0967980830669939	42.6406928777898	0.258448177609759	0.020124665840777	42.3459624872316	0.250130625285258	0.0441699289300403
-400	53.136962900176	0.100384690617461	0.107612388341918	40.4955460742527	0.133384110321278	0.115320016952354	44.5470813501116	0.336038397339837	0.0231677381495726	46.12834756906	0.286992410510554	0.0416724913607637
-375	51.7985003586099	0.103597000717219	0.0883385277433655	38.8977461299037	0.12208024385461	0.107992606115846	43.2602942774551	0.273245145726078	0.0244797874421331	43.4635821868688	0.237696759470547	0.0675261133207305
-350	55.4123492208385	0.112430853491556	0.099581613092521	39.4179566215161	0.154067959835541	0.119860852839437	44.899398404729	0.367091197757127	0.0315530155832295	42.0705283519163	0.289152141879105	0.0503250309708571
-325	53.0031166460194	0.0811108300189083	0.105203155767099	31.295900689392	0.122275379800366	0.10729308860916	46.222879528808	0.263230977375029	0.0315123948620975	43.3183773445485	0.274527534719955	0.0405251222533761
-300	53.8061941709591	0.0923539153680639	0.106006233292039	31.1728745361237	0.106453387233368	0.0907076546912054	43.8622159918277	0.266488178913796	0.0223994262241634	47.5625211362505	0.385797378887608	0.0570678098715562
-275	55.6800417291517	0.0963693029927623	0.118052396166134	33.6848904931162	0.120630462280655	0.0967773358543789	43.5148121101473	0.252216378692103	0.0266941970398377	48.1066579730939	0.224774675621037	0.0502259503162327
-250	55.8138879833083	0.108415465866858	0.110824698441677	31.1873766561005	0.0937061876506812	0.0930989111298709	39.6914737780093	0.250446475842784	0.0664746495403263	47.0797361500515	0.233462006911398	0.063363591315123
-225	52.6015778835496	0.0939600704179432	0.0947631479428829	30.1944306183956	0.0765659059789316	0.128719912629494	37.0909158679443	0.2305046032471	0.0302427071787175	45.9414557388455	0.236504009910672	0.0690444676273102
-200	52.6015778835496	0.10199084566734	0.0907477603181845	27.7071640247671	0.0964495859684606	0.170954789072084	37.2167047010494	0.275910445328348	0.0330060768077191	42.2293851470305	0.294948360174752	0.0863139988263716
-175	55.8138879833083	0.113233931016496	0.106809310816978	23.2436010402878	0.096193890591274	0.0946944839276772	36.547681424007	0.256962619808365	0.0286387689900236	42.9413792354007	0.312295794483949	0.0751084305926892
-150	50.4600378170437	0.0835200625937274	0.0939600704179432	22.6171173549719	0.095127652083085	0.093325167894555	35.7958692486576	0.249570809154382	0.0211842863663034	40.4256003999048	0.223039629653757	0.0672387037882291
-125	47.3815739714416	0.0883385277433655	0.0915508378431242	22.3167980957378	0.103477003325186	0.0709759340157318	36.6033898415593	0.266268246723662	0.0245941057573183	41.7555123774753	0.332874695181598	0.0485313685857755
-100	46.9800352089718	0.0811108300189083	0.0867323726934861	22.2075928873078	0.102317682727909	0.0694030710047047	35.2786127230441	0.25305200495539	0.00818913738019172	39.264453282911	0.258117584925331	0.0201527026145934
-75	47.1138814631284	0.0787015974440893	0.0947631479428829	23.3783552524618	0.143753791484482	0.0647116776422563	37.6154647801609	0.327360070418011	0.00696007041794355	36.5294112277504	0.241691373801903	0.0100574427854207
-50	61.4354306578861	0.121264706265893	0.108415465866858	26.8224261130428	0.191367803351112	0.0616413705417926	39.5925526504528	0.306911599400214	0.0096462606767947	39.6035082914962	0.284428414944254	0.0107653778444284
-25	127.823172719568	0.169449357762274	0.146963187063962	36.2065909836	0.319522214252861	0.0622643476559627	41.476561039751	0.322098526439412	0.0077092325748191	43.3066414553049	0.445783151854919	0.0106303709982393
0	223.121705679079	0.609535841429233	0.5300311664602	69.9656604620739	1.00157393232072	0.0567607289560858	79.1209052183202	1.37251613744528	0.00789724848405819	166.369957618871	3.93930841755495	0.00870586164178113
25	136.924718002218	0.133310869139988	0.155797039838299	76.126840228946	0.186321184064389	0.0698712851274222	82.9699893503755	0.435273658473137	0.00893191628088939	170.723657386319	0.358310438808102	0.0408915694073178
50	55.9477342374648	0.0883385277433655	0.105203155767099	76.0691180400389	0.13514846449744	0.121587637738714	85.1711295125107	0.368698617721966	0.0103362326400209	164.326374997325	0.113828167177401	0.00895091608528376
75	42.2954163134901	0.0939600704179432	0.0762923648692702	68.4547547723452	0.0965244441545189	0.114603397013633	84.1004833626769	0.288615446306402	0.0175754254417419	151.305084436374	0.0501843515681192	0.0213390232770423
100	33.1938710308403	0.0626400469452956	0.0586246593205972	38.0091877141347	0.102561041924641	0.219487285648916	48.4554523918198	0.30464032079293	0.015456184390689	21.2406863576078	0.0435455695377313	0.0226977896589962
125	32.6584860142138	0.0618369694203559	0.0481846514963813	31.6380875393753	0.105892371389347	0.118009865032174	44.5010832192307	0.319595129425672	0.0131791028232379	10.4898680750246	0.0437997000717349	0.0195733455043366
150	35.2015648431895	0.0522000391210797	0.0754892873443305	29.6456305151674	0.091427639042756	0.140283679989478	39.3882110799598	0.216840372954347	0.0116999282780205	7.80357218925795	0.0424118145660917	0.013910999543588
175	32.7923322683704	0.0578215817956575	0.0682615896198734	29.8359745419019	0.159725780791463	0.128334126621779	37.0830238421254	0.213187989828563	0.0161003129686377	6.99490513138052	0.0249747538632133	0.0151699289300396
200	27.7061746104191	0.0554123492208384	0.0586246593205972	29.0819630241419	0.0870194170958266	0.116683164895238	32.7107448218911	0.177291458564287	0.012503638260416	6.43439351459323	0.0298902132098915	0.0146839799178462
225	27.036943339636	0.0473815739714416	0.0401538762469844	28.1240728258091	0.0919370672229703	0.0908744734953796	27.1239836126152	0.153055395448939	0.0116511834126622	6.5238938514692	0.0261743104909762	0.0104008215426743
250	27.7061746104191	0.0497908065462606	0.0594277368455368	27.9020097306706	0.08408452761286	0.087583797352733	25.0869705070535	0.155692260546415	0.017971767620786	7.16424985329485	0.0389292430071113	0.0148605855121602
275	28.776944643672	0.0602308143704765	0.0481846514963813	25.1926504255931	0.0774299993479111	0.12006383908185	22.4115157245015	0.132435737106358	0.0122808045902066	7.38847971137227	0.0352417030710084	0.0120099367542545
300	27.9738671187323	0.0401538762469844	0.0586246593205972	22.8255372031273	0.070362769772386	0.10970509226046	20.760689617701	0.127458538175663	0.0114405359587925	7.55280737214904	0.0277509030449305	0.0349943796048795
325	24.0923257481905	0.0425631088218035	0.0457754189215622	20.6021025743597	0.0746389385146451	0.0975951685465598	20.394213340289	0.127974421334039	0.0116889026537132	6.57033318119472	0.0213004498924198	0.0330940731564198
350	24.6277107648169	0.05139696159614	0.0481846514963813	19.4364835751063	0.0693744734954094	0.0738438156092514	19.9685275260272	0.136977714024931	0.0184603768664011	5.25537154158681	0.0203992697398481	0.0113205320466845
375	27.1707895937926	0.0481846514963813	0.048987729021321	18.8345518110854	0.0674856360435011	0.0638523505248317	19.7125202668935	0.124373104257691	0.0125889417747929	6.0221751320326	0.0216415596270496	0.0190790767425194
400	27.7061746104191	0.0481846514963813	0.0554123492208384	19.7473067524176	0.090784195083719	0.0740459607484712	19.0941568320627	0.1035451196453	0.0255272217513197	6.87124339831675	0.0383899719632342	0.0103940144747993
425	25.2969420356	0.0497908065462606	0.0449723413966225	19.3027758058987	0.0727189802437865	0.0718694659972029	18.2106174610427	0.10578332137967	0.0176328747473428	6.89134945991072	0.016696981156683	0.0121751972354438
450	27.8400208645757	0.0602308143704765	0.0562154267457781	18.9742223307805	0.0744782878006655	0.0705940731563604	17.3612381821746	0.104993538501661	0.0188427919410573	7.80998848101436	0.0229356588641905	0.0479247832040199
475	26.9030970854794	0.0530031166460194	0.0393507987220447	22.8833679851724	0.182771167764147	0.0645072895611509	16.3021399230627	0.0960830931733662	0.0179514572602201	6.70317185020867	0.0208474017082909	0.033912055812743
500	29.3123296602985	0.05139696159614	0.05139696159614	25.9954005181152	0.1671897307165	0.0620038860272191	16.3635739279745	0.10412425506944	0.0212121405750794	5.34172045815025	0.0205747408228501	0.0156006650583561
525	28.776944643672	0.0586246593205972	0.0562154267457781	30.0710984299128	0.108793897111493	0.0582393884070816	16.206081589186	0.103890976070941	0.0241356719045442	6.31047966790444	0.0471249527287016	0.0371979787442148
550	27.3046358479492	0.0546092716958987	0.0522000391210797	31.9528990464831	0.106946554084752	0.0720556301753393	15.9602295103353	0.103011827606441	0.0153598552520048	5.59891417269677	0.0226130794809972	0.0155144421986058
575	26.3677120688529	0.0481846514963813	0.0522000391210797	29.2459485346489	0.0966337875724081	0.0689281280563106	16.7189278650765	0.119397646215047	0.0192153419834384	5.62752906913457	0.0194935515420252	0.0108837451913671
600	24.8954032731302	0.0497908065462606	0.0433661863467432	27.7863481665802	0.0813913151202515	0.15364993153805	16.6689837212848	0.105945804264199	0.0183797157201537	5.9134889482939	0.0255041924757161	0.0142354697789669
625	24.4938645106603	0.0481846514963813	0.0473815739714416	23.2720228261304	0.0765743170111073	0.0730307491686221	16.4134987285657	0.0970162091673679	0.0187418204342436	6.76858273021561	0.0290930299276301	0.0161735932711755
650	25.1630957814434	0.0449723413966225	0.0481846514963813	26.0047000395707	0.185814279193853	0.115395996609477	16.0607561235365	0.093682988850486	0.0148062528525785	10.0928017213264	0.0667270391862893	0.0177267392580045
675	24.3600182565037	0.048987729021321	0.0481846514963813	26.9738641800504	0.136005268305366	0.0717477863988598	15.8670339701384	0.107518986764034	0.0158954684749297	10.2093034274402	0.0196599465345275	0.0145330899132825
700	25.2969420356	0.0465784964465019	0.0433661863467432	27.1526578457415	0.0806231075177366	0.0649421399230402	16.2690050205394	0.107391901936491	0.0175899328421462	10.1704022951023	0.0180720088674477	0.0579202060376883
725	25.5646345439133	0.0497908065462606	0.0465784964465019	23.3944566531913	0.0602518680315155	0.098093662384989	16.1136791202112	0.0897265306122346	0.0174883810393164	9.35027667296844	0.0192719436656485	0.0717862032992135
750	23.4230944774074	0.0393507987220447	0.0505938840712003	21.7165248450904	0.0606690552258818	0.0705295885765793	16.6622716306978	0.108094640412078	0.0208732477016363	6.0217339331888	0.022972341396627	0.0210553954489156
775	22.6200169524677	0.0425631088218035	0.0473815739714416	19.1584456533723	0.0545416183086372	0.0800662971897635	16.3430894786037	0.0942400730260106	0.0265085023146631	6.21400838929713	0.0212365390884818	0.0207982395514131
800	25.0292495272868	0.0562154267457781	0.0401538762469844	18.43619269243	0.0682258068722052	0.0573884723218127	15.3262947990706	0.0856603964269293	0.0202198343874288	6.22512660015975	0.0213110386646711	0.043137523635655
825	25.5646345439133	0.0409569537719241	0.0505938840712003	18.6243747285077	0.0712739649214109	0.095720349481562	15.8593160331233	0.0882055747538544	0.0195345047923319	6.73047575579644	0.0234344656712572	0.0156846188954821
850	23.4230944774074	0.048987729021321	0.0401538762469844	17.1852688472136	0.0581976136141152	0.0795964008605711	15.3437810523578	0.0819575275477494	0.0245766968768334	6.93472560909239	0.0230109147812536	0.0252470365782109
875	22.7538632066244	0.048987729021321	0.0417600312968638	15.7509213197853	0.0491408945686728	0.0638484253764948	14.7966586251122	0.0794605137901695	0.017736167438221	6.46070157136228	0.0170967073091245	0.0178927560800686
900	23.0215557149376	0.0449723413966225	0.038547721197105	15.0144130414526	0.0586164830149052	0.0522751255134437	15.5530551389893	0.100992397470165	0.0377314272673919	7.11585664297558	0.0233142074721307	0.0541354762991485
925	24.3600182565037	0.0425631088218035	0.0425631088218035	14.7567313970449	0.0533654756471017	0.0554584208123935	15.7271439438403	0.109172830410117	0.0302055682336824	6.20984851448457	0.0200214774727825	0.0217735411097358
950	24.8954032731302	0.0409569537719241	0.048987729021321	14.5438888465341	0.0557390689182762	0.0533060376866231	15.5828823542204	0.0816296602986136	0.0229425832952985	6.11183934276476	0.016260194301365	0.0151661472256636
975	21.816939427528	0.0417600312968638	0.0481846514963813	14.3675928230174	0.0522521353589106	0.0492611723283392	16.338756601683	0.0890870444024165	0.0250960618113053	7.42733042098518	0.027375379800486	0.0355442394210102
1000	21.5492469192148	0.0465784964465019	0.0321231009975875	13.8660800953506	0.0490110843059116	0.0602257938318645	15.4361641781321	0.0751489143900275	0.0219868357566665	6.87918497750428	0.0209268175001658	0.0303682206428907
1025	23.0215557149376	0.0449723413966225	0.0433661863467432	12.8952179530767	0.04472622416379	0.0491260350785509	14.043705200931	0.0643995109864953	0.0262055877942224	6.5108973941003	0.020094842537658	0.0255839864380275
1050	24.3600182565037	0.0425631088218035	0.0433661863467432	12.8086790941816	0.0521646606246138	0.0455670470104981	13.32628523614	0.0624166394992427	0.0359922801069297	7.18165829910128	0.0264908391471661	0.0443522070809177
1075	23.556940731564	0.0457754189215622	0.0433661863467432	13.2357857781008	0.061862300319464	0.043111866727532	11.8615600617252	0.0635563408750004	0.0238617721849117	6.58107322161981	0.0351857338462617	0.0214872660885456
1100	22.3523244441545	0.0449723413966225	0.0441692638716829	13.4114993475136	0.0526892286626912	0.0433434504792415	11.2284764512842	0.0605672360957092	0.0249863858642493	6.52718393427548	0.0312671317728412	0.0192462280758953
1125	18.0692443111428	0.0329261785225272	0.0337292560474669	13.871953996907	0.0502477863988825	0.0541148986111813	11.9213498945912	0.0852356197430955	0.0238960096498657	6.82179131077241	0.0211578796374814	0.0354761687422591
1150	19.9430918693354	0.0393507987220447	0.0289107908978288	14.3767343908177	0.0565221360109304	0.0413267653387348	11.9670191910638	0.0626034948164494	0.0175812284019036	6.29726891395425	0.0305508769642084	0.0185243007107003
1175	20.8800156484317	0.0393507987220447	0.0401538762469844	15.0375038914362	0.0774028036773617	0.043635313294653	12.4919936536923	0.0667630566603571	0.0194509421660034	5.88765990741234	0.0198702092977801	0.00953027319553998
1200	20.3446306318053	0.0425631088218035	0.036138488622286	15.0654616884235	0.0522955923583256	0.0599908456673195	13.0803364412866	0.0647540718523759	0.0249364804068587	7.34680532915932	0.0596408815283356	0.02702141227098
1225	20.0769381234921	0.0321231009975875	0.0401538762469844	14.4891677770777	0.0493595814044282	0.0584533089913077	12.4294377431492	0.0671460520310291	0.0250792332268366	7.70072243593813	0.032208776162225	0.015680459020669
1250	20.3446306318053	0.0409569537719241	0.0337292560474669	13.5387310168541	0.0454891047792891	0.0438293277694515	12.7801879985229	0.0677176436069559	0.0301237464954022	7.81735019886439	0.0206208776162252	0.0215515550629212
1275	23.1554019690942	0.0353354110973463	0.0497908065462606	12.7607895203167	0.0543983503944477	0.0438304492404047	12.9036169611623	0.0657928017213199	0.0329143900371642	7.76767120905761	0.0240342439851374	0.0249308860924579
1300	25.5646345439133	0.0473815739714416	0.0505938840712003	13.254671112012	0.064247388667892	0.0473008411032095	12.8825135293742	0.06473376149181	0.0234990871748056	6.15479950446521	0.0232540783725674	0.0265880289496016
1325	25.4307882897566	0.0457754189215622	0.0538061941709591	13.5580309791105	0.0619119254091226	0.0430005607354855	13.3925163547855	0.0768863206624424	0.0304875920975411	5.65974919040988	0.0202960292104092	0.0291092912564402
1350	22.7538632066243	0.0409569537719241	0.0417600312968638	14.3360711966825	0.0596387037882058	0.0430734563474041	14.1478876790341	0.0907292821281846	0.0347968703136198	6.37541153202384	0.0426829627697769	0.0158971506813599
1375	23.2892482232508	0.0538061941709591	0.0417600312968638	14.1731222570383	0.0484007237399565	0.0447298689443843	13.4673358544704	0.0485527873769268	0.0323015974440888	7.00990589206818	0.0158892091021741	0.0129315381104521
1400	22.4861706983111	0.0393507987220447	0.0409569537719241	13.4719166206641	0.042914768207614	0.0427602855838928	12.9817248049387	0.051099126295881	0.0290589033057304	6.69550759600854	0.0133146247636444	0.0236492664797563
1425	21.9507856816847	0.0433661863467432	0.0409569537719241	12.8195778963971	0.0440140901088914	0.0508460911521001	12.3351976701232	0.0470544630631764	0.0301370933037742	6.80150876964093	0.0202075373280316	0.0285170763513087
1450	20.8800156484317	0.038547721197105	0.0353354110973463	12.1365369303819	0.0482779226706514	0.0445714611723315	11.1667329551637	0.0506894373084644	0.0316203299211047	5.8751550716122	0.0190473104257695	0.0430770163656534
1475	17.2661667862031	0.0337292560474669	0.0321231009975875	12.0113191701464	0.0467101062789251	0.0469823433526678	11.9024129012635	0.0557983634348258	0.0313679011540708	7.86020951511482	0.0240039903501361	0.0134390428375822
1500	20.6123231401185	0.0497908065462606	0.038547721197105	12.7892507945803	0.0592526374127582	0.0412090108887108	12.2530857838351	0.0550863402229854	0.0394949468605323	10.1132859533579	0.0302022038208297	0.0269177935711047
1525	20.076938123492	0.0337292560474669	0.0248954032731303	13.7494806814323	0.068180106930871	0.0409894829497402	12.0839875247231	0.0509058877224966	0.0351229966747073	10.6181056703821	0.0250821542674599	0.0243621177544525
1550	23.1554019690942	0.0465784964465019	0.0473815739714416	13.9293207900897	0.0501426484970782	0.04715645171806	12.6436250027175	0.0556672165351717	0.0464451522462006	13.3809432526993	0.0310406076807756	0.0945138684227647
1575	21.4154006650582	0.0353354110973463	0.036138488622286	14.0303124084443	0.0456906891830167	0.0481562430723059	12.0462489404716	0.0502954163134861	0.0379008737041131	11.6030631805427	0.0296704961856984	0.0641437569276934
1600	19.5415531068656	0.0337292560474669	0.0369415661472257	13.8211225362122	0.0472901871291539	0.0465250635717473	12.0661917802273	0.062884358088277	0.0305705744278532	11.1278037860501	0.0624019038925562	0.0371877681424034
1625	21.5492469192148	0.038547721197105	0.0417600312968638	13.8589129482417	0.073423544369785	0.0440984807980775	13.2109997609275	0.0724621438351639	0.0469343417878317	12.4388072417454	0.0806622416378731	0.0952539479689647
1650	22.7538632066243	0.0417600312968638	0.0481846514963813	13.7416224870813	0.0419374062724254	0.0503756340874837	15.2019373628054	0.10864127925931	0.0340268175001617	10.8530755688846	0.0315390363174066	0.0355109604225102
1675	18.6046293277693	0.0305169459477082	0.0329261785225272	13.685193543727	0.052591380322076	0.0544249853295774	15.9504998804642	0.0677112603507815	0.0307011410314911	11.0841377061996	0.0329295690161098	0.0176862750211919
1700	21.6830931733714	0.0393507987220447	0.0449723413966225	14.4280495845819	0.0604489665514436	0.0419270326661126	15.6668511877603	0.0459675686248906	0.0433585577361916	9.96460194301252	0.021833670209301	0.0209377844428524
1725	21.5492469192148	0.0481846514963813	0.0393507987220447	13.8704238208714	0.048159046749677	0.0497857403664178	14.7258431679389	0.0551020082154231	0.0536884071200342	9.52615113777029	0.0263459998696008	0.0471835691465105
1750	20.3446306318053	0.0321231009975875	0.0313200234726478	14.176903272662	0.0480026015517891	0.0447674382212972	12.4361111473352	0.0605660755036799	0.0390678489926306	9.09844037295319	0.0461326335006917	0.0391837517115492
1775	19.2738605985524	0.0297138684227685	0.0425631088218035	13.6426842662456	0.0422093629784302	0.0596930951294077	11.5751646345448	0.0448232248810029	0.0391084697137626	11.2182495490198	0.0690637543196261	0.0246684358088302
1800	18.8723218360825	0.0377446436721654	0.0409569537719241	12.9073408961207	0.0477087761622081	0.0514729934145999	11.730277759667	0.0436069244311111	0.0324884527612948	12.4855869248647	0.0258918171741578	0.0621005020538593
1825	20.2107843776487	0.0425631088218035	0.0353354110973463	12.207379144782	0.039245315250713	0.0539295755362676	11.2659635739288	0.0383697528851769	0.0330716502575455	12.0180296016159	0.0279256177870547	0.0197586490187145
1850	19.8092456151788	0.0337292560474669	0.0417600312968638	11.4572868520938	0.0408888309317456	0.0456545217447959	10.7220327747721	0.0396568494490423	0.0361274890786969	11.2481502249451	0.0158903436134848	0.0666438416900338
1875	20.3446306318053	0.0401538762469844	0.0401538762469844	11.2280763540531	0.0431393427658695	0.0426388863532741	10.5372858664241	0.0405151072569575	0.0461225076612094	8.87937884418831	0.0243874551737658	0.0586304101193227
1900	20.6123231401185	0.0393507987220447	0.038547721197105	11.0256488726884	0.0442762339440621	0.0408162156875638	10.2286844450249	0.0450901610484416	0.035291282519396	8.7438803764306	0.0339351242094311	0.0464941644389431
1925	20.076938123492	0.0369415661472257	0.0393507987220447	11.2433682423064	0.0490514572602052	0.0399812805633542	10.5555265045324	0.0457360305144391	0.0376629523374828	8.16047684249308	0.0246067940275183	0.0269045576057923
1950	23.2892482232508	0.0465784964465019	0.0441692638716829	11.5004674326103	0.0471460781117468	0.0388631740236138	11.14901458347	0.0482748255851824	0.0348931994523033	9.14567386059745	0.0380208776162266	0.040256999413187
1975	23.2892482232508	0.0481846514963813	0.0393507987220447	14.3112823449046	0.121851744147957	0.0376887135685052	11.5957844863193	0.0446207015713603	0.0353812284019025	8.58603203581641	0.0222390689183055	0.0465221490513171
2000	23.6907869857206	0.0393507987220447	0.0417600312968638	14.5189815295148	0.0444251092130173	0.0380133794092821	11.8531651126913	0.0450623068396655	0.0377302666753585	9.75759144552279	0.0467588837451977	0.0323108821803509
